2000
2
5
8
11
14
17
20
23
26
29
32
35
38
41
44
47
50
53
56
59
62
65
68
71
74
77
80
83
86
89
92
95
98
101
104
107
110
113
116
119
122
125
128
131
134
137
140
143
146
149
152
155
158
161
164
167
170
173
176
179
182
185
188
191
194
197
200
203
206
209
212
215
218
221
224
227
230
233
236
239
242
245
248
251
254
257
260
263
266
269
272
275
278
281
284
287
290
293
296
299
302
305
308
311
314
317
320
323
326
329
332
335
338
341
344
347
350
353
356
359
362
365
368
371
374
377
380
383
386
389
392
395
398
401
404
407
410
413
416
419
422
425
428
431
434
437
440
443
446
449
452
455
458
461
464
467
470
473
476
479
482
485
488
491
494
497
500
503
506
509
512
515
518
521
524
527
530
533
536
539
542
545
548
551
554
557
560
563
566
569
572
575
578
581
584
587
590
593
596
599
602
605
608
611
614
617
620
623
626
629
632
635
638
641
644
647
650
653
656
659
662
665
668
671
674
677
680
683
686
689
692
695
698
701
704
707
710
713
716
719
722
725
728
731
734
737
740
743
746
749
752
755
758
761
764
767
770
773
776
779
782
785
788
791
794
797
800
803
806
809
812
815
818
821
824
827
830
833
836
839
842
845
848
851
854
857
860
863
866
869
872
875
878
881
884
887
890
893
896
899
902
905
908
911
914
917
920
923
926
929
932
935
938
941
944
947
950
953
956
959
962
965
968
971
974
977
980
983
986
989
992
995
998
1001
1004
1007
1010
1013
1016
1019
1022
1025
1028
1031
1034
1037
1040
1043
1046
1049
1052
1055
1058
1061
1064
1067
1070
1073
1076
1079
1082
1085
1088
1091
1094
1097
1100
1103
1106
1109
1112
1115
1118
1121
1124
1127
1130
1133
1136
1139
1142
1145
1148
1151
1154
1157
1160
1163
1166
1169
1172
1175
1178
1181
1184
1187
1190
1193
1196
1199
1202
1205
1208
1211
1214
1217
1220
1223
1226
1229
1232
1235
1238
1241
1244
1247
1250
1253
1256
1259
1262
1265
1268
1271
1274
1277
1280
1283
1286
1289
1292
1295
1298
1301
1304
1307
1310
1313
1316
1319
1322
1325
1328
1331
1334
1337
1340
1343
1346
1349
1352
1355
1358
1361
1364
1367
1370
1373
1376
1379
1382
1385
1388
1391
1394
1397
1400
1403
1406
1409
1412
1415
1418
1421
1424
1427
1430
1433
1436
1439
1442
1445
1448
1451
1454
1457
1460
1463
1466
1469
1472
1475
1478
1481
1484
1487
1490
1493
1496
1499
1502
1505
1508
1511
1514
1517
1520
1523
1526
1529
1532
1535
1538
1541
1544
1547
1550
1553
1556
1559
1562
1565
1568
1571
1574
1577
1580
1583
1586
1589
1592
1595
1598
1601
1604
1607
1610
1613
1616
1619
1622
1625
1628
1631
1634
1637
1640
1643
1646
1649
1652
1655
1658
1661
1664
1667
1670
1673
1676
1679
1682
1685
1688
1691
1694
1697
1700
1703
1706
1709
1712
1715
1718
1721
1724
1727
1730
1733
1736
1739
1742
1745
1748
1751
1754
1757
1760
1763
1766
1769
1772
1775
1778
1781
1784
1787
1790
1793
1796
1799
1802
1805
1808
1811
1814
1817
1820
1823
1826
1829
1832
1835
1838
1841
1844
1847
1850
1853
1856
1859
1862
1865
1868
1871
1874
1877
1880
1883
1886
1889
1892
1895
1898
1901
1904
1907
1910
1913
1916
1919
1922
1925
1928
1931
1934
1937
1940
1943
1946
1949
1952
1955
1958
1961
1964
1967
1970
1973
1976
1979
1982
1985
1988
1991
1994
1997
2000
2003
2006
2009
2012
2015
2018
2021
2024
2027
2030
2033
2036
2039
2042
2045
2048
2051
2054
2057
2060
2063
2066
2069
2072
2075
2078
2081
2084
2087
2090
2093
2096
2099
2102
2105
2108
2111
2114
2117
2120
2123
2126
2129
2132
2135
2138
2141
2144
2147
2150
2153
2156
2159
2162
2165
2168
2171
2174
2177
2180
2183
2186
2189
2192
2195
2198
2201
2204
2207
2210
2213
2216
2219
2222
2225
2228
2231
2234
2237
2240
2243
2246
2249
2252
2255
2258
2261
2264
2267
2270
2273
2276
2279
2282
2285
2288
2291
2294
2297
2300
2303
2306
2309
2312
2315
2318
2321
2324
2327
2330
2333
2336
2339
2342
2345
2348
2351
2354
2357
2360
2363
2366
2369
2372
2375
2378
2381
2384
2387
2390
2393
2396
2399
2402
2405
2408
2411
2414
2417
2420
2423
2426
2429
2432
2435
2438
2441
2444
2447
2450
2453
2456
2459
2462
2465
2468
2471
2474
2477
2480
2483
2486
2489
2492
2495
2498
2501
2504
2507
2510
2513
2516
2519
2522
2525
2528
2531
2534
2537
2540
2543
2546
2549
2552
2555
2558
2561
2564
2567
2570
2573
2576
2579
2582
2585
2588
2591
2594
2597
2600
2603
2606
2609
2612
2615
2618
2621
2624
2627
2630
2633
2636
2639
2642
2645
2648
2651
2654
2657
2660
2663
2666
2669
2672
2675
2678
2681
2684
2687
2690
2693
2696
2699
2702
2705
2708
2711
2714
2717
2720
2723
2726
2729
2732
2735
2738
2741
2744
2747
2750
2753
2756
2759
2762
2765
2768
2771
2774
2777
2780
2783
2786
2789
2792
2795
2798
2801
2804
2807
2810
2813
2816
2819
2822
2825
2828
2831
2834
2837
2840
2843
2846
2849
2852
2855
2858
2861
2864
2867
2870
2873
2876
2879
2882
2885
2888
2891
2894
2897
2900
2903
2906
2909
2912
2915
2918
2921
2924
2927
2930
2933
2936
2939
2942
2945
2948
2951
2954
2957
2960
2963
2966
2969
2972
2975
2978
2981
2984
2987
2990
2993
2996
2999
3002
3005
3008
3011
3014
3017
3020
3023
3026
3029
3032
3035
3038
3041
3044
3047
3050
3053
3056
3059
3062
3065
3068
3071
3074
3077
3080
3083
3086
3089
3092
3095
3098
3101
3104
3107
3110
3113
3116
3119
3122
3125
3128
3131
3134
3137
3140
3143
3146
3149
3152
3155
3158
3161
3164
3167
3170
3173
3176
3179
3182
3185
3188
3191
3194
3197
3200
3203
3206
3209
3212
3215
3218
3221
3224
3227
3230
3233
3236
3239
3242
3245
3248
3251
3254
3257
3260
3263
3266
3269
3272
3275
3278
3281
3284
3287
3290
3293
3296
3299
3302
3305
3308
3311
3314
3317
3320
3323
3326
3329
3332
3335
3338
3341
3344
3347
3350
3353
3356
3359
3362
3365
3368
3371
3374
3377
3380
3383
3386
3389
3392
3395
3398
3401
3404
3407
3410
3413
3416
3419
3422
3425
3428
3431
3434
3437
3440
3443
3446
3449
3452
3455
3458
3461
3464
3467
3470
3473
3476
3479
3482
3485
3488
3491
3494
3497
3500
3503
3506
3509
3512
3515
3518
3521
3524
3527
3530
3533
3536
3539
3542
3545
3548
3551
3554
3557
3560
3563
3566
3569
3572
3575
3578
3581
3584
3587
3590
3593
3596
3599
3602
3605
3608
3611
3614
3617
3620
3623
3626
3629
3632
3635
3638
3641
3644
3647
3650
3653
3656
3659
3662
3665
3668
3671
3674
3677
3680
3683
3686
3689
3692
3695
3698
3701
3704
3707
3710
3713
3716
3719
3722
3725
3728
3731
3734
3737
3740
3743
3746
3749
3752
3755
3758
3761
3764
3767
3770
3773
3776
3779
3782
3785
3788
3791
3794
3797
3800
3803
3806
3809
3812
3815
3818
3821
3824
3827
3830
3833
3836
3839
3842
3845
3848
3851
3854
3857
3860
3863
3866
3869
3872
3875
3878
3881
3884
3887
3890
3893
3896
3899
3902
3905
3908
3911
3914
3917
3920
3923
3926
3929
3932
3935
3938
3941
3944
3947
3950
3953
3956
3959
3962
3965
3968
3971
3974
3977
3980
3983
3986
3989
3992
3995
3998
4001
4004
4007
4010
4013
4016
4019
4022
4025
4028
4031
4034
4037
4040
4043
4046
4049
4052
4055
4058
4061
4064
4067
4070
4073
4076
4079
4082
4085
4088
4091
4094
4097
4100
4103
4106
4109
4112
4115
4118
4121
4124
4127
4130
4133
4136
4139
4142
4145
4148
4151
4154
4157
4160
4163
4166
4169
4172
4175
4178
4181
4184
4187
4190
4193
4196
4199
4202
4205
4208
4211
4214
4217
4220
4223
4226
4229
4232
4235
4238
4241
4244
4247
4250
4253
4256
4259
4262
4265
4268
4271
4274
4277
4280
4283
4286
4289
4292
4295
4298
4301
4304
4307
4310
4313
4316
4319
4322
4325
4328
4331
4334
4337
4340
4343
4346
4349
4352
4355
4358
4361
4364
4367
4370
4373
4376
4379
4382
4385
4388
4391
4394
4397
4400
4403
4406
4409
4412
4415
4418
4421
4424
4427
4430
4433
4436
4439
4442
4445
4448
4451
4454
4457
4460
4463
4466
4469
4472
4475
4478
4481
4484
4487
4490
4493
4496
4499
4502
4505
4508
4511
4514
4517
4520
4523
4526
4529
4532
4535
4538
4541
4544
4547
4550
4553
4556
4559
4562
4565
4568
4571
4574
4577
4580
4583
4586
4589
4592
4595
4598
4601
4604
4607
4610
4613
4616
4619
4622
4625
4628
4631
4634
4637
4640
4643
4646
4649
4652
4655
4658
4661
4664
4667
4670
4673
4676
4679
4682
4685
4688
4691
4694
4697
4700
4703
4706
4709
4712
4715
4718
4721
4724
4727
4730
4733
4736
4739
4742
4745
4748
4751
4754
4757
4760
4763
4766
4769
4772
4775
4778
4781
4784
4787
4790
4793
4796
4799
4802
4805
4808
4811
4814
4817
4820
4823
4826
4829
4832
4835
4838
4841
4844
4847
4850
4853
4856
4859
4862
4865
4868
4871
4874
4877
4880
4883
4886
4889
4892
4895
4898
4901
4904
4907
4910
4913
4916
4919
4922
4925
4928
4931
4934
4937
4940
4943
4946
4949
4952
4955
4958
4961
4964
4967
4970
4973
4976
4979
4982
4985
4988
4991
4994
4997
5000
5003
5006
5009
5012
5015
5018
5021
5024
5027
5030
5033
5036
5039
5042
5045
5048
5051
5054
5057
5060
5063
5066
5069
5072
5075
5078
5081
5084
5087
5090
5093
5096
5099
5102
5105
5108
5111
5114
5117
5120
5123
5126
5129
5132
5135
5138
5141
5144
5147
5150
5153
5156
5159
5162
5165
5168
5171
5174
5177
5180
5183
5186
5189
5192
5195
5198
5201
5204
5207
5210
5213
5216
5219
5222
5225
5228
5231
5234
5237
5240
5243
5246
5249
5252
5255
5258
5261
5264
5267
5270
5273
5276
5279
5282
5285
5288
5291
5294
5297
5300
5303
5306
5309
5312
5315
5318
5321
5324
5327
5330
5333
5336
5339
5342
5345
5348
5351
5354
5357
5360
5363
5366
5369
5372
5375
5378
5381
5384
5387
5390
5393
5396
5399
5402
5405
5408
5411
5414
5417
5420
5423
5426
5429
5432
5435
5438
5441
5444
5447
5450
5453
5456
5459
5462
5465
5468
5471
5474
5477
5480
5483
5486
5489
5492
5495
5498
5501
5504
5507
5510
5513
5516
5519
5522
5525
5528
5531
5534
5537
5540
5543
5546
5549
5552
5555
5558
5561
5564
5567
5570
5573
5576
5579
5582
5585
5588
5591
5594
5597
5600
5603
5606
5609
5612
5615
5618
5621
5624
5627
5630
5633
5636
5639
5642
5645
5648
5651
5654
5657
5660
5663
5666
5669
5672
5675
5678
5681
5684
5687
5690
5693
5696
5699
5702
5705
5708
5711
5714
5717
5720
5723
5726
5729
5732
5735
5738
5741
5744
5747
5750
5753
5756
5759
5762
5765
5768
5771
5774
5777
5780
5783
5786
5789
5792
5795
5798
5801
5804
5807
5810
5813
5816
5819
5822
5825
5828
5831
5834
5837
5840
5843
5846
5849
5852
5855
5858
5861
5864
5867
5870
5873
5876
5879
5882
5885
5888
5891
5894
5897
5900
5903
5906
5909
5912
5915
5918
5921
5924
5927
5930
5933
5936
5939
5942
5945
5948
5951
5954
5957
5960
5963
5966
5969
5972
5975
5978
5981
5984
5987
5990
5993
5996
5999
6002
6005
6008
6011
6014
6017
6020
6023
6026
6029
6032
6035
6038
6041
6044
6047
6050
6053
6056
6059
6062
6065
6068
6071
6074
6077
6080
6083
6086
6089
6092
6095
6098
6101
6104
6107
6110
6113
6116
6119
6122
6125
6128
6131
6134
6137
6140
6143
6146
6149
6152
6155
6158
6161
6164
6167
6170
6173
6176
6179
6182
6185
6188
6191
6194
6197
6200
6203
6206
6209
6212
6215
6218
6221
6224
6227
6230
6233
6236
6239
6242
6245
6248
6251
6254
6257
6260
6263
6266
6269
6272
6275
6278
6281
6284
6287
6290
6293
6296
6299
6302
6305
6308
6311
6314
6317
6320
6323
6326
6329
6332
6335
6338
6341
6344
6347
6350
6353
6356
6359
6362
6365
6368
6371
6374
6377
6380
6383
6386
6389
6392
6395
6398
6401
6404
6407
6410
6413
6416
6419
6422
6425
6428
6431
6434
6437
6440
6443
6446
6449
6452
6455
6458
6461
6464
6467
6470
6473
6476
6479
6482
6485
6488
6491
6494
6497
6500
6503
6506
6509
6512
6515
6518
6521
6524
6527
6530
6533
6536
6539
6542
6545
6548
6551
6554
6557
6560
6563
6566
6569
6572
6575
6578
6581
6584
6587
6590
6593
6596
6599
6602
6605
6608
6611
6614
6617
6620
6623
6626
6629
6632
6635
6638
6641
6644
6647
6650
6653
6656
6659
6662
6665
6668
6671
6674
6677
6680
6683
6686
6689
6692
6695
6698
6701
6704
6707
6710
6713
6716
6719
6722
6725
6728
6731
6734
6737
6740
6743
6746
6749
6752
6755
6758
6761
6764
6767
6770
6773
6776
6779
6782
6785
6788
6791
6794
6797
6800
6803
6806
6809
6812
6815
6818
6821
6824
6827
6830
6833
6836
6839
6842
6845
6848
6851
6854
6857
6860
6863
6866
6869
6872
6875
6878
6881
6884
6887
6890
6893
6896
6899
6902
6905
6908
6911
6914
6917
6920
6923
6926
6929
6932
6935
6938
6941
6944
6947
6950
6953
6956
6959
6962
6965
6968
6971
6974
6977
6980
6983
6986
6989
6992
6995
6998
7001
7004
7007
7010
7013
7016
7019
7022
7025
7028
7031
7034
7037
7040
7043
7046
7049
7052
7055
7058
7061
7064
7067
7070
7073
7076
7079
7082
7085
7088
7091
7094
7097
7100
7103
7106
7109
7112
7115
7118
7121
7124
7127
7130
7133
7136
7139
7142
7145
7148
7151
7154
7157
7160
7163
7166
7169
7172
7175
7178
7181
7184
7187
7190
7193
7196
7199
7202
7205
7208
7211
7214
7217
7220
7223
7226
7229
7232
7235
7238
7241
7244
7247
7250
7253
7256
7259
7262
7265
7268
7271
7274
7277
7280
7283
7286
7289
7292
7295
7298
7301
7304
7307
7310
7313
7316
7319
7322
7325
7328
7331
7334
7337
7340
7343
7346
7349
7352
7355
7358
7361
7364
7367
7370
7373
7376
7379
7382
7385
7388
7391
7394
7397
7400
7403
7406
7409
7412
7415
7418
7421
7424
7427
7430
7433
7436
7439
7442
7445
7448
7451
7454
7457
7460
7463
7466
7469
7472
7475
7478
7481
7484
7487
7490
7493
7496
7499
7502
7505
7508
7511
7514
7517
7520
7523
7526
7529
7532
7535
7538
7541
7544
7547
7550
7553
7556
7559
7562
7565
7568
7571
7574
7577
7580
7583
7586
7589
7592
7595
7598
7601
7604
7607
7610
7613
7616
7619
7622
7625
7628
7631
7634
7637
7640
7643
7646
7649
7652
7655
7658
7661
7664
7667
7670
7673
7676
7679
7682
7685
7688
7691
7694
7697
7700
7703
7706
7709
7712
7715
7718
7721
7724
7727
7730
7733
7736
7739
7742
7745
7748
7751
7754
7757
7760
7763
7766
7769
7772
7775
7778
7781
7784
7787
7790
7793
7796
7799
7802
7805
7808
7811
7814
7817
7820
7823
7826
7829
7832
7835
7838
7841
7844
7847
7850
7853
7856
7859
7862
7865
7868
7871
7874
7877
7880
7883
7886
7889
7892
7895
7898
7901
7904
7907
7910
7913
7916
7919
7922
7925
7928
7931
7934
7937
7940
7943
7946
7949
7952
7955
7958
7961
7964
7967
7970
7973
7976
7979
7982
7985
7988
7991
7994
7997
8000
8003
8006
8009
8012
8015
8018
8021
8024
8027
8030
8033
8036
8039
8042
8045
8048
8051
8054
8057
8060
8063
8066
8069
8072
8075
8078
8081
8084
8087
8090
8093
8096
8099
8102
8105
8108
8111
8114
8117
8120
8123
8126
8129
8132
8135
8138
8141
8144
8147
8150
8153
8156
8159
8162
8165
8168
8171
8174
8177
8180
8183
8186
8189
8192
8195
8198
8201
8204
8207
8210
8213
8216
8219
8222
8225
8228
8231
8234
8237
8240
8243
8246
8249
8252
8255
8258
8261
8264
8267
8270
8273
8276
8279
8282
8285
8288
8291
8294
8297
8300
8303
8306
8309
8312
8315
8318
8321
8324
8327
8330
8333
8336
8339
8342
8345
8348
8351
8354
8357
8360
8363
8366
8369
8372
8375
8378
8381
8384
8387
8390
8393
8396
8399
8402
8405
8408
8411
8414
8417
8420
8423
8426
8429
8432
8435
8438
8441
8444
8447
8450
8453
8456
8459
8462
8465
8468
8471
8474
8477
8480
8483
8486
8489
8492
8495
8498
8501
8504
8507
8510
8513
8516
8519
8522
8525
8528
8531
8534
8537
8540
8543
8546
8549
8552
8555
8558
8561
8564
8567
8570
8573
8576
8579
8582
8585
8588
8591
8594
8597
8600
8603
8606
8609
8612
8615
8618
8621
8624
8627
8630
8633
8636
8639
8642
8645
8648
8651
8654
8657
8660
8663
8666
8669
8672
8675
8678
8681
8684
8687
8690
8693
8696
8699
8702
8705
8708
8711
8714
8717
8720
8723
8726
8729
8732
8735
8738
8741
8744
8747
8750
8753
8756
8759
8762
8765
8768
8771
8774
8777
8780
8783
8786
8789
8792
8795
8798
8801
8804
8807
8810
8813
8816
8819
8822
8825
8828
8831
8834
8837
8840
8843
8846
8849
8852
8855
8858
8861
8864
8867
8870
8873
8876
8879
8882
8885
8888
8891
8894
8897
8900
8903
8906
8909
8912
8915
8918
8921
8924
8927
8930
8933
8936
8939
8942
8945
8948
8951
8954
8957
8960
8963
8966
8969
8972
8975
8978
8981
8984
8987
8990
8993
8996
8999
9002
9005
9008
9011
9014
9017
9020
9023
9026
9029
9032
9035
9038
9041
9044
9047
9050
9053
9056
9059
9062
9065
9068
9071
9074
9077
9080
9083
9086
9089
9092
9095
9098
9101
9104
9107
9110
9113
9116
9119
9122
9125
9128
9131
9134
9137
9140
9143
9146
9149
9152
9155
9158
9161
9164
9167
9170
9173
9176
9179
9182
9185
9188
9191
9194
9197
9200
9203
9206
9209
9212
9215
9218
9221
9224
9227
9230
9233
9236
9239
9242
9245
9248
9251
9254
9257
9260
9263
9266
9269
9272
9275
9278
9281
9284
9287
9290
9293
9296
9299
9302
9305
9308
9311
9314
9317
9320
9323
9326
9329
9332
9335
9338
9341
9344
9347
9350
9353
9356
9359
9362
9365
9368
9371
9374
9377
9380
9383
9386
9389
9392
9395
9398
9401
9404
9407
9410
9413
9416
9419
9422
9425
9428
9431
9434
9437
9440
9443
9446
9449
9452
9455
9458
9461
9464
9467
9470
9473
9476
9479
9482
9485
9488
9491
9494
9497
9500
9503
9506
9509
9512
9515
9518
9521
9524
9527
9530
9533
9536
9539
9542
9545
9548
9551
9554
9557
9560
9563
9566
9569
9572
9575
9578
9581
9584
9587
9590
9593
9596
9599
9602
9605
9608
9611
9614
9617
9620
9623
9626
9629
9632
9635
9638
9641
9644
9647
9650
9653
9656
9659
9662
9665
9668
9671
9674
9677
9680
9683
9686
9689
9692
9695
9698
9701
9704
9707
9710
9713
9716
9719
9722
9725
9728
9731
9734
9737
9740
9743
9746
9749
9752
9755
9758
9761
9764
9767
9770
9773
9776
9779
9782
9785
9788
9791
9794
9797
9800
9803
9806
9809
9812
9815
9818
9821
9824
9827
9830
9833
9836
9839
9842
9845
9848
9851
9854
9857
9860
9863
9866
9869
9872
9875
9878
9881
9884
9887
9890
9893
9896
9899
9902
9905
9908
9911
9914
9917
9920
9923
9926
9929
9932
9935
9938
9941
9944
9947
9950
9953
9956
9959
9962
9965
9968
9971
9974
9977
9980
9983
9986
9989
9992
9995
9998
10001
10004
10007
10010
10013
10016
10019
10022
10025
10028
10031
10034
10037
10040
10043
10046
10049
10052
10055
10058
10061
10064
10067
10070
10073
10076
10079
10082
10085
10088
10091
10094
10097
10100
10103
10106
10109
10112
10115
10118
10121
10124
10127
10130
10133
10136
10139
10142
10145
10148
10151
10154
10157
10160
10163
10166
10169
10172
10175
10178
10181
10184
10187
10190
10193
10196
10199
10202
10205
10208
10211
10214
10217
10220
10223
10226
10229
10232
10235
10238
10241
10244
10247
10250
10253
10256
10259
10262
10265
10268
10271
10274
10277
10280
10283
10286
10289
10292
10295
10298
10301
10304
10307
10310
10313
10316
10319
10322
10325
10328
10331
10334
10337
10340
10343
10346
10349
10352
10355
10358
10361
10364
10367
10370
10373
10376
10379
10382
10385
10388
10391
10394
10397
10400
10403
10406
10409
10412
10415
10418
10421
10424
10427
10430
10433
10436
10439
10442
10445
10448
10451
10454
10457
10460
10463
10466
10469
10472
10475
10478
10481
10484
10487
10490
10493
10496
10499
10502
10505
10508
10511
10514
10517
10520
10523
10526
10529
10532
10535
10538
10541
10544
10547
10550
10553
10556
10559
10562
10565
10568
10571
10574
10577
10580
10583
10586
10589
10592
10595
10598
10601
10604
10607
10610
10613
10616
10619
10622
10625
10628
10631
10634
10637
10640
10643
10646
10649
10652
10655
10658
10661
10664
10667
10670
10673
10676
10679
10682
10685
10688
10691
10694
10697
10700
10703
10706
10709
10712
10715
10718
10721
10724
10727
10730
10733
10736
10739
10742
10745
10748
10751
10754
10757
10760
10763
10766
10769
10772
10775
10778
10781
10784
10787
10790
10793
10796
10799
10802
10805
10808
10811
10814
10817
10820
10823
10826
10829
10832
10835
10838
10841
10844
10847
10850
10853
10856
10859
10862
10865
10868
10871
10874
10877
10880
10883
10886
10889
10892
10895
10898
10901
10904
10907
10910
10913
10916
10919
10922
10925
10928
10931
10934
10937
10940
10943
10946
10949
10952
10955
10958
10961
10964
10967
10970
10973
10976
10979
10982
10985
10988
10991
10994
10997
11000
11003
11006
11009
11012
11015
11018
11021
11024
11027
11030
11033
11036
11039
11042
11045
11048
11051
11054
11057
11060
11063
11066
11069
11072
11075
11078
11081
11084
11087
11090
11093
11096
11099
11102
11105
11108
11111
11114
11117
11120
11123
11126
11129
11132
11135
11138
11141
11144
11147
11150
11153
11156
11159
11162
11165
11168
11171
11174
11177
11180
11183
11186
11189
11192
11195
11198
11201
11204
11207
11210
11213
11216
11219
11222
11225
11228
11231
11234
11237
11240
11243
11246
11249
11252
11255
11258
11261
11264
11267
11270
11273
11276
11279
11282
11285
11288
11291
11294
11297
11300
11303
11306
11309
11312
11315
11318
11321
11324
11327
11330
11333
11336
11339
11342
11345
11348
11351
11354
11357
11360
11363
11366
11369
11372
11375
11378
11381
11384
11387
11390
11393
11396
11399
11402
11405
11408
11411
11414
11417
11420
11423
11426
11429
11432
11435
11438
11441
11444
11447
11450
11453
11456
11459
11462
11465
11468
11471
11474
11477
11480
11483
11486
11489
11492
11495
11498
11501
11504
11507
11510
11513
11516
11519
11522
11525
11528
11531
11534
11537
11540
11543
11546
11549
11552
11555
11558
11561
11564
11567
11570
11573
11576
11579
11582
11585
11588
11591
11594
11597
11600
11603
11606
11609
11612
11615
11618
11621
11624
11627
11630
11633
11636
11639
11642
11645
11648
11651
11654
11657
11660
11663
11666
11669
11672
11675
11678
11681
11684
11687
11690
11693
11696
11699
11702
11705
11708
11711
11714
11717
11720
11723
11726
11729
11732
11735
11738
11741
11744
11747
11750
11753
11756
11759
11762
11765
11768
11771
11774
11777
11780
11783
11786
11789
11792
11795
11798
11801
11804
11807
11810
11813
11816
11819
11822
11825
11828
11831
11834
11837
11840
11843
11846
11849
11852
11855
11858
11861
11864
11867
11870
11873
11876
11879
11882
11885
11888
11891
11894
11897
11900
11903
11906
11909
11912
11915
11918
11921
11924
11927
11930
11933
11936
11939
11942
11945
11948
11951
11954
11957
11960
11963
11966
11969
11972
11975
11978
11981
11984
11987
11990
11993
11996
11999
